-15.222600186959628	
-15.222611137735184	
-15.222584516338397	
-15.222520984720704	
-15.222421598763434	
-15.222287792134587	
-15.222121351504628	
-15.221924387450484	
-15.221699296267104	
-15.221448714202387	
-15.221175486499215	
-15.220882624830244	
-15.220573270806854	
-15.220250654289936	
-15.21991804807429	
-15.21957872430241	
-15.219235911007821	
-15.218892750296629	
-15.218552258934235	
-15.21821729370219	
-15.217890519236725	
-15.217574377700048	
-15.217271064864834	
-15.216982511135933	
-15.216710365358804	
-15.216455983477768	
-15.216220422067117	
-15.216004436526758	
-15.215808483966425	
-15.215632730435384	
-15.215477062099737	
-15.21534110005518	
-15.215224218093969	
-15.21512556216698	
-15.215044071923629	
-15.214978504877257	
-15.214927461117309	
-15.214889408660778	
-15.214862709112799	
-15.21484564246013	
-15.214836431234161	
-15.214833263822594	
-15.214834314762712	
-15.214837765136975	
-15.21484182381286	
-15.214844743001278	
-15.214844832152101	
-15.214840471119327	
-15.214830131471924	
-15.214812392559578	
-15.214785955514673	
-15.214749659137134	
-15.214702489780922	
-15.214643588809448	
-15.214572264734393	
-15.214487998866435	
-15.214390467764602	
-15.214279556371519	
-15.214155363814692	
-15.214018215687148	
-15.213868669891774	
-15.213707518607254	
-15.213535781764111	
-15.213354706938627	
-15.21316578061683	
-15.21297072175905	
-15.212771467523531	
-15.212570154290729	
-15.212369097212349	
-15.212170762530974	
-15.21197772785537	
-15.211792641593739	
-15.211618191271661	
-15.211457057464308	
-15.211311864305507	
-15.211185127417481	
-15.21107920070699	
-15.210996223876842	
-15.210938071429554	
-15.210906305004823	
-15.210902130539626	
-15.21092636155668	
-15.210979389803876	
-15.211061164411298	
-15.211171180356951	
-15.211308476658816	
-15.211471644614052	
-15.211658845991348	
-15.211867840792117	
-15.212096024070537	
-15.212340470779004	
-15.212597987262171	
-15.21286516867297	
-15.213138460434683	
-15.2134142211548	
-15.213688785808516	
-15.213958530985709	
-15.214219935921786	
-15.214469637213366	
-15.21470447380603	
-15.214921540507735	
