-15.222600186959628	0.22970404843714398	0.2411557090002443	0.25649887004091276	0.256998165513183	0.2569981848305094	0.2575652004004585	0.29832121104816167	0.29832193990128353	0.3179862638726405	0.3191870887556032	
-15.222563424183528	0.2297318067775702	0.24118150012905204	0.2565096727773959	0.25688512646782335	0.25703036038614613	0.2577623099398796	0.2983032715369607	0.2984004286488968	0.3180051077183599	0.3192060597746238	
-15.222504150770094	0.2297489125591614	0.24119535864888064	0.25641134762886963	0.25672579054449685	0.257055844171008	0.2580918925573581	0.298275408656524	0.2984703156011719	0.3179705428408095	0.31919154894077195	
-15.22242246460079	0.22975545681438803	0.24119736168610117	0.25615350213870336	0.2566803262757986	0.25707464372430344	0.2584441432290223	0.2982378198258857	0.29853156036941897	0.3178933666045385	0.3191449058704272	
-15.222318715709678	0.22975153849370855	0.24118759689973146	0.25583409829246406	0.25667144129191577	0.2570867704931459	0.2587983760982908	0.29819062264112084	0.29858421634249765	0.3177837018290042	0.31906966251725777	
-15.222193519709387	0.22973726397720462	0.24116616211078323	0.25549310422800176	0.256664944781539	0.2570922344831903	0.25914881545621427	0.2981339421850535	0.29862834234773317	0.31764881554935975	0.3189696904444048	
-15.222047760758677	0.22971274653846052	0.2411331648616315	0.25513981096690586	0.25665390278065914	0.2570910446434844	0.25949312279674075	0.29806791047052705	0.29866400208489985	0.31749345221730074	0.31884857972768543	
-15.221882589272086	0.2296781057758377	0.24108872192990916	0.2547774086648271	0.25663638001785394	0.25708321006724866	0.25983007723803375	0.29799266578692674	0.29869126363626464	0.31732067083619775	0.31870938775704793	
-15.221699416688292	0.22963346706611	0.24103295878910735	0.2544074072903584	0.2566116818369153	0.2570687410259094	0.2601589115626357	0.29790835200510557	0.298710198989971	0.3171324969713858	0.31855459735677094	
-15.221499904224189	0.22957896087470075	0.24096600900427312	0.25403070487776347	0.25657952347861546	0.25704765011838937	0.2604790735147091	0.2978151178332826	0.29872088353971726	0.3169303325703776	0.31838617513993306	
-15.221285938498058	0.22951472214692004	0.24088801359021872	0.25364793208701997	0.25653978463593496	0.25701995335183625	0.2607901255953351	0.2977131160605282	0.2987233956061317	0.316715198697354	0.31820566251194826	
-15.221059600800347	0.22944088971521914	0.2407991204090436	0.25325958713973584	0.256492420659832	0.25698567110535286	0.2610916979912883	0.29760250287854717	0.2987178159994581	0.31648787804972045	0.3180142669143873	
-15.22082314989212	0.2293576056677029	0.2406994835026417	0.25286609608935606	0.2564374254981434	0.25694482897833737	0.26138346487346986	0.29748343715536407	0.298704227572955	0.3162489997324709	0.3178129402782712	
-15.220578988159383	0.2292650146607862	0.24058926234986266	0.25246784227207897	0.25637481448925925	0.25689745846090695	0.2616651319020491	0.29735607964657085	0.29868271476907715	0.31599909061364073	0.3176024419080683	
-15.220329621495102	0.2291632632354279	0.2404686211081497	0.252065181698077	0.2563046157431259	0.2568435974228809	0.26193642941221107	0.2972205922176929	0.2986533631891106	0.31573860715140256	0.3173833871856431	
-15.22007761412068	0.2290524991365448	0.24033772784088292	0.2516584514326805	0.2562268656308788	0.25678329043538106	0.2621971087282553	0.2970771370784231	0.2986162591876944	0.31546795567310504	0.31715628456504774	
-15.219825540230483	0.22893287065098278	0.24019675374715455	0.25124797427907986	0.25614160644503414	0.2567165889592893	0.26244694030601146	0.2969258760456075	0.29857148950118173	0.315187505752478	0.3169215632457689	
-15.219575933479428	0.22880452596376522	0.24004587239380903	0.2508340613891562	0.25604888523793434	0.2566435514108232	0.2626857129163689	0.2967669698366304	0.2985191409113028	0.314897599420938	0.31667959396051515	
-15.219331235176286	0.22866761254469203	0.23988525896763058	0.25041701368415303	0.25594875333696976	0.256564243134596	0.2629132335310196	0.2966005774022218	0.2984592999473126	0.3145985578047501	0.3164307041356462	
-15.219093743062732	0.22852227657292623	0.23971508954674015	0.24999712256161644	0.2558412662652447	0.25647873626637363	0.2631293274087323	0.29642685531972823	0.29839205263501256	0.314290685774985	0.31617518903743047	
-15.218865561694585	0.22836866240766795	0.2395355404141437	0.24957467020176338	0.25572648391460184	0.2563871095582577	0.263333838558232	0.2962459572320473	0.29831748428532734	0.31397427630848185	0.3159133198773194	
-15.218648556400847	0.22820691211617294	0.23934678741685822	0.24914992964185423	0.25560447085332605	0.2562894481612634	0.2635266302031152	0.29605803337245185	0.29823567934271367	0.31364961337329333	0.31564534953196777	
-15.21844431218561	0.22803716506223104	0.23914900537935146	0.24872316472850464	0.2554752966970497	0.2561858433734443	0.2637075852739841	0.2958632301588562	0.2981467212797124	0.3133169746763649	0.31537151655473394	
-15.218254098633816	0.22785955756077136	0.23894236757835507	0.24829463002184582	0.25533903649433753	0.2560763923734406	0.26387660685507264	0.2956616898712525	0.29805069254364724	0.31297663392640906	0.31509204789390743	
-15.218078841954224	0.22767422259828507	0.23872704528197985	0.2478645707083924	0.25519577108720704	0.2559611979436607	0.2640336185300107	0.2954535504115725	0.2979476745470446	0.31262886274374324	0.3148071606734888	
-15.217919105122517	0.22748128962414782	0.23850320735687625	0.2474332225275564	0.2550455874141093	0.25584036819521216	0.26417856462250455	0.2952389451479398	0.29783774770874416	0.31227393222424205	0.3145170632915981	
-15.217775076490973	0.22728088442070415	0.23827101995312283	0.24700081174488453	0.25488857873892634	0.25571401630331536	0.2643114103039448	0.2950180028513909	0.2977209915473562	0.3119121141776837	0.31422195605624914	
-15.21764656734777	0.22707312905014376	0.23803064626794246	0.24656755518823736	0.25472484479691637	0.2555822602504705	0.2644321415490136	0.29479084772381015	0.2975974848195442	0.31154368205262095	0.3139220315197324	
-15.21753301856802	0.22685814187353337	0.23778224638404843	0.2461336603481019	0.2545544918490883	0.255445222582777	0.2645407649390066	0.29455759951146554	0.2974673056984951	0.3111689115504124	0.31361747462971756	
-15.217433515992296	0.22663603764140383	0.2375259771824716	0.2456993255439741	0.2543776326316749	0.2553030301818282	0.26463730730274015	0.294318373701568	0.2973305319896298	0.31078808093429977	0.31330846279515967	
-15.2173468139561	0.22640692765674864	0.23726199233332324	0.24526474016103883	0.254194386208237	0.25515581404946097	0.26472181519739735	0.29407328180203507	0.2971872413813692	0.31040147105589533	0.3129951659385011	
-15.21727136616223	0.226170920002982	0.23699044235754663	0.24483008494955172	0.25400487772597025	0.25500370910402026	0.2647943542369475	0.29382243169623834	0.29703751172297643	0.3100093651211111	0.3126777465801851	
-15.217205363011443	0.2259281198329628	0.23671147475693566	0.24439553238544498	0.2538092380937442	0.25484685398858	0.26485500828768416	0.29356592806741943	0.29688142132489403	0.30961204823128696	0.3123563599916164	
-15.217146774331939	0.22567862971465402	0.23642523420804729	0.2439612470811241	0.25360760358460155	0.2546853908886675	0.2649038785412614	0.2933038728865043	0.29671904927876014	0.30920980673237075	0.3120311544344556	
-15.217093396131759	0.225422550029176	0.2361318628171727	0.24352738624957304	0.2534001153697254	0.25451946535773473	0.2649410824670202	0.2930363659581303	0.29655047579042026	0.3088029274074984	0.31170227150328245	
-15.217042899484765	0.22515997940714705	0.23583150042286682	0.24309410020086908	0.2531869190025322	0.2543492261450293	0.2649667526771733	0.29276350550870944	0.2963757825158879	0.30839169655859067	0.3113698465616306	
-15.216992880538898	0.22489101519657773	0.2355242849396202	0.24266153286363412	0.25296816387615273	0.2541748250233127	0.264981035732589	0.2924853888078136	0.2961950528955999	0.3079763990141213	0.3110340092679973	
-15.21694090977353	0.2246157539567495	0.235210352736118	0.24222982232070756	0.25274400263240615	0.2539964166148163	0.2649840908751351	0.2922021128158825	0.2960083724838469	0.3075573170818888	0.3106948841780621	
-15.2168845796594	0.2243342919698108	0.2348898390423937	0.2417991013535925	0.2525145905692021	0.2538141582134692	0.2649760887381909	0.2919137748471634	0.29581582926816274	0.3071347295241029	0.3103525914120091	
-15.216821549681617	0.22404672575797946	0.23456287837317547	0.24136949799971852	0.2522800850943554	0.2536282096127831	0.26495721008984496	0.2916204732364118	0.29561751396976454	0.3067089105969423	0.3100072473808986	
-15.216749587078457	0.22375315258978823	0.2342296049480641	0.24094113607228707	0.2520406451908368	0.253438732923426	0.2649276446072193	0.2913223079889171	0.2954135203206505	0.30628012913541447	0.30965896552416083	
-15.216666601095474	0.22345367098106728	0.23389015311420458	0.24051413566400548	0.25179643085176373	0.2532458923795975	0.2648875896176559	0.2910193814185966	0.29520394531703786	0.3058486476960507	0.30930785706764574	
-15.216570661852325	0.2231483811140862	0.23354465769092236	0.240088613506531	0.2515476025619243	0.25304985413087167	0.2648372490073925	0.2907117986947938	0.2949888894210133	0.3054147217867378	0.308954031662525	
-15.216460034219695	0.22283738521599616	0.23319325428269977	0.2396646832787095	0.251294320929496	0.2528507860347098	0.2647768323322186	0.29039966834148423	0.2947684567296953	0.30497859928162185	0.3085975979836366	
-15.21633320390094	0.22252078798302577	0.23283607964710207	0.23924245601431515	0.25103674628247674	0.252648857446097	0.2647065537878568	0.29008310277534655	0.29454275514039097	0.3045405199220248	0.3082386644364856	
-15.216188891130363	0.22219869696464478	0.2324732720406022	0.2388220404714776	0.25077503826629055	0.2524442389905541	0.26462663120283736	0.28976221880189	0.2943118964799343	0.3041007148870829	0.30787733982615784	
-15.216026059156809	0.22187122295373385	0.23210497151836584	0.23840354344184433	0.25050935558851783	0.25223710233420427	0.2645372852251828	0.28943713805402993	0.29407599660868655	0.3036594065716578	0.3075137339919589	
-15.215843919951165	0.22153848022016653	0.2317313202022664	0.2379870700326272	0.2502398558053258	0.2520276199552143	0.26443873861197	0.2891079873607705	0.29383517545317694	0.30321680845349164	0.3071479583197281	
-15.215641934900887	0.22120058682386556	0.2313524625148684	0.2375727239070482	0.24996669512377068	0.2518159648952363	0.2643312155311808	0.2887748990787724	0.2935895570378264	0.3027731250222381	0.3067801262958536	
-15.215419803550992	0.22085766481979974	0.23096854536884948	0.237160607467775	0.2496900282454657	0.2516023104977645	0.2642149409654966	0.2884380113457592	0.2933392694551493	0.3023285517951191	0.3064103539489569	
-15.21517743829804	0.2205098403501875	0.2305797182345728	0.23675082186860763	0.24941000834642857	0.2513868301485864	0.2640901404292002	0.2880974682089228	0.29308444483389984	0.30188327549853256	0.3060387601111074	
-15.214914965419599	0.22015724368130307	0.2301861331529036	0.2363434669527109	0.24912678702019342	0.2511696969976853	0.2639570397113413	0.28775341966948886	0.2928252191834311	0.30143747425904266	0.3056654665357392	
-15.214632713880487	0.21980000926044774	0.22978794477403142	0.2359386412798603	0.2488405142139296	0.2509510836900617	0.2638158645372837	0.2874060217469676	0.2925617323194647	0.30099131781093824	0.3052905981248788	
-15.214331201089754	0.21943827572864372	0.22938531036163035	0.23553644213973612	0.24855133828222264	0.25073116210984736	0.26366684039125765	0.2870554364774982	0.2922941277164295	0.30054496780955553	0.3049142830893743	
-15.21401111535296	0.2190721858930793	0.22897838976149387	0.2351369655680493	0.2482594060195833	0.25051010311486266	0.2635101923141274	0.28670183185688103	0.2920225523294935	0.3000985781486829	0.3045366530851208	
-15.213673297066487	0.2187018866756496	0.2285673453502728	0.23474030629460252	0.2479648626631672	0.2502880762384212	0.2633461447141059	0.2863453817392596	0.2917471564084302	0.29965229526030335	0.3041578432786487	
-15.213318719792783	0.21832752903325137	0.22815234196110445	0.234346557684173	0.24766785197647145	0.25006524940751795	0.26317492129980735	0.2859862656915748	0.29146809329818346	0.2992062584729549	0.3037779923819741	
-15.21294846279315	0.21794926783435287	0.2277335467682633	0.23395581162256285	0.24736851633786827	0.2498417886497002	0.2629967450734405	0.285624668787003	0.2911855192188355	0.29876060035298835	0.30339724261744117	
-15.212563684863435	0.21756726162875673	0.22731112905810313	0.2335681582319431	0.24706699677697586	0.24961785778614498	0.262811838434871	0.28526078128274257	0.2908995930123446	0.298315446980256	0.30301573948960403	
-15.212165612847327	0.21718167242289077	0.22688526001151033	0.2331836856380427	0.24676343299709735	0.24939361814054806	0.2626204232510556	0.28489479828769326	0.29061047588961486	0.29787091820750256	0.3026336315788516	
-15.211755521279144	0.21679266543703513	0.226456112468723	0.2328024797009629	0.24645796344679383	0.24916922825211607	0.2624227210282335	0.2845269193987754	0.29031833118051686	0.29742712790337755	0.3022510702903958	
-15.211334720310498	0.21640040885995226	0.22602386070073166	0.23242462376419937	0.24615072536076532	0.2489448435703956	0.26221895305196874	0.28415734832167416	0.29002332409172027	0.2969841842077443	0.30186820961317906	
-15.210904539665592	0.21600507362281895	0.2255886802008824	0.23205019845240038	0.2458418547409682	0.24872061614228613	0.26200934038173784	0.2837862924961101	0.28972562143718683	0.2965421896723637	0.3014852059054114	
-15.210466310504211	0.2156068331348635	0.2251507474454595	0.23167928146199124	0.2455314863693392	0.24849669431233323	0.2617941039601064	0.28341396267062713	0.2894253913807372	0.2961012414779578	0.30110221766721246	
-15.210021349909503	0.21520586303686784	0.2247102396845584	0.23131194738442495	0.2452197538700691	0.24827322240651206	0.26157346472274057	0.28304057248696424	0.28912280317020667	0.2956614316466908	0.3007194053144264	
-15.209570947370603	0.2148023409254236	0.2242673346936659	0.23094826747623998	0.24490678968876267	0.24805034042563712	0.2613476437039335	0.28266633802414987	0.28881802688086644	0.2952228471735481	0.30033693089468194	
-15.209116351324315	0.2143964460654857	0.22382221051292994	0.23058830941574016	0.2445927250629154	0.24782818373451043	0.26111686216122365	0.2822914773225804	0.2885112331620121	0.2947855701259332	0.29995495778255865	
-15.208658756470594	0.2139883590955698	0.2233750451796226	0.23023213705032397	0.24427768998822685	0.24760688274520426	0.26088134171896016	0.2819162098960497	0.2882025929877141	0.29434967772600906	0.2995736503559705	
-15.208199294130315	0.21357826172368988	0.22292601645344945	0.22987981013674919	0.2439618131992276	0.24738656260435832	0.2606413045586713	0.2815407562330332	0.28789227741477497	0.2939152424257898	0.2991931736476019	
-15.207739024326255	0.21316633643985838	0.2224753015600882	0.2295313841225095	0.24364522213632434	0.24716734287810738	0.2603969735738012	0.281165337308213	0.28758045734938875	0.29348233197699436	0.29881369302773386	
-15.20727892761679	0.2127527662418185	0.2220230769474938	0.22918690994313629	0.24332804291123367	0.24694933723626455	0.260148572526564	0.2807901741053591	0.2872673033287825	0.29305100949774676	0.29843537389355923	
-15.20681989735913	0.21233773437063874	0.22156951805613012	0.22884643383014946	0.24301040028664112	0.2467326531330638	0.2598963262279561	0.2804154871497051	0.286952985318111	0.2926213335468617	0.29805838135396456	
-15.206362735020244	0.21192142404189163	0.22111479908305043	0.22850999713000952	0.24269241766083205	0.24651739149431506	0.2596404607366747	0.2800414960403703	0.28663767251394745	0.2921933581887046	0.29768287991241493	
-15.205908145578	0.2115040182030512	0.22065909277281115	0.22817763617532094	0.2423742170592611	0.2463036464138213	0.25938120354562955	0.2796684190085177	0.2863215331630009	0.29176713307510305	0.29730903318990265	
-15.205456733269973	0.21108569930390075	0.22020257022725964	0.2278493821888521	0.24205591914366842	0.2460915048459853	0.25911878377278086	0.2792964724942042	0.28600473438738305	0.2913427035496632	0.2969370036638974	
-15.205008998282151	0.21066664909233346	0.21974540073480497	0.22752526120804895	0.24173764322879876	0.24588104629602014	0.2588534323571743	0.2789258707478144	0.28568744202460117	0.290920110773083	0.2965669524346364	
-15.20456533437568	0.21024704838662167	0.21928775161034864	0.2272052940318421	0.2414195073139549	0.24567234252585202	0.25858538227876693	0.27855682545135174	0.2853698204825452	0.2904993918582921	0.29619903893693156	
-15.20412602717225	0.20982707693721458	0.21882978805454378	0.22688949620354215	0.2411016281307461	0.24546545726156843	0.2583148687872914	0.2781895453674519	0.28505203260543865	0.29008058003030435	0.2958334207677691	
-15.203691253076803	0.20940691323879435	0.2183716730567724	0.2265778780243135	0.24078412122603865	0.2452604459008576	0.25804212964026263	0.2778242360237897	0.2847342395630985	0.28966370483072623	0.2954702534813478	
-15.203261079207689	0.20898673441789306	0.21791356731513645	0.22627044461498258	0.2404671010579893	0.24505735521184313	0.2577674053244028	0.27746109942896524	0.2844166007287452	0.28924879237116485	0.29510969037372625	
-15.202835464385073	0.20856671609173816	0.21745562916438566	0.2259671959887264	0.24015068110769455	0.24485622306029242	0.2574909393050273	0.27710033380139265	0.28409927357552966	0.2888358655895349	0.2947518823366515	
-15.202414259753526	0.20814703225523523	0.21699801451651268	0.22566812714756246	0.23983497399276565	0.24465707814733406	0.2572129782768737	0.276742133331636	0.2837824135742757	0.28842494453382805	0.2943969776871196	
-15.201997211014893	0.2077278552119246	0.21654087686638412	0.22537322824301853	0.2395200916300766	0.24445993974988056	0.25693377240280135	0.2763866879963164	0.2834661741004165	0.28801604672096737	0.2940451219963638	
-15.201583962202882	0.2073093555095653	0.2160843672954904	0.22508248473631198	0.23920614538624818	0.2442648175029749	0.25665357556485446	0.27603418340137686	0.28315070637886564	0.28760918750544917	0.2936964581435024	
-15.201174059463423	0.2068917018865548	0.21562863447597103	0.22479587757317354	0.23889324619845098	0.2440717112063293	0.25637264560811346	0.2756848006389152	0.2828361593806257	0.2872043804197979	0.29335112590836765	
-15.200766955543317	0.2064750612199333	0.21517382469757074	0.2245133833938766	0.2385815047347002	0.2438806106462632	0.25609124456066645	0.2753387161770888	0.28252267974681544	0.2868016376067306	0.29300926202503597	
-15.200362014031088	0.2060595985147362	0.21472008193234515	0.2242349747723349	0.23827103154497742	0.243691495448223	0.25580963883043495	0.2749961017947573	0.28221041170257877	0.2864009702711581	0.2926710000430699	
-15.199958515320324	0.20564547691253843	0.21426754791774272	0.22396062047173437	0.2379619372140258	0.24350433498409352	0.2555280993940787	0.27465712455268765	0.2818994969791824	0.2860023891650112	0.29233647024024023	
-15.199555663595797	0.20523285767890265	0.21381636222696088	0.22369028571757532	0.23765433249455903	0.2433190883226093	0.2552469019303931	0.2743219467620417	0.28159007469550623	0.28560590508063655	0.29200579951316463	
-15.199152593701843	0.20482190022753244	0.21336666237912816	0.2234239325224472	0.23734832842041698	0.24313570423661446	0.254966326874591	0.2739907259976633	0.2812822812285969	0.2852115293842665	0.29167911128931756	
-15.198748380286926	0.20441276214308068	0.21291858395147756	0.22316152000906087	0.23704403639881377	0.2429541212664006	0.254686659421683	0.2736636151249989	0.28097625005409554	0.2848192745783056	0.29135652542586676	
-15.198342047182207	0.2040055992084433	0.2124722606998919	0.22290300474444535	0.23674156828586312	0.2427742678524858	0.25440818946579746	0.27334076234397386	0.2806721115519615	0.28442915489866216	0.2910381581058452	
-15.19793257643767	0.20360056544124028	0.212027824688084	0.2226483410925031	0.23644103642607917	0.24259606255456845	0.25413121144928574	0.27302231125125864	0.28036999277236596	0.28404118694665215	0.29072412178273765	
-15.197518919069072	0.20319781314679553	0.21158540643101098	0.2223974815828651	0.23614255364412884	0.24241941437388803	0.25385602408576524	0.27270840092619153	0.28007001715838165	0.2836553903530348	0.2904145246609744	
-15.197100008230722	0.2027974929904044	0.21114513506015697	0.22215037729139908	0.23584623325965737	0.2422442231630626	0.2535829300601211	0.27239916602846215	0.27977230423517874	0.2832717885203877	0.2901094716377486	
-15.196674773206048	0.20239975400527577	0.21070713845560185	0.2219069782277412	0.23555218903616293	0.24207038016732518	0.2533122355469555	0.272094736886336	0.27947696920421095	0.28289040938178545	0.289809062884423	
-15.196242153781128	0.20200474364420096	0.2102715433765816	0.2216672337204706	0.23526053508275346	0.2418977686953756	0.25304424961472805	0.27179523957648755	0.2791841221758844	0.28251128623358923	0.2895133942384458	
-15.195801115254328	0.20161260778764323	0.20983847560652436	0.22143109281423712	0.2349713857119209	0.24172626491845328	0.2527792834699767	0.27150079603108956	0.2788938679162669	0.2821344586592218	0.2892225571073226	
-15.195350665074159	0.20122349078628154	0.20940806009556567	0.2211985046711753	0.23468485528324834	0.24155573881784775	0.2525176495556032	0.2712115241192752	0.27860630481746185	0.2817599735669756	0.28893663806946	
-15.194889868534009	0.2008375354650429	0.20898042108215442	0.22096941896494826	0.23440105802039746	0.24138605529295276	0.252259660524107	0.2709275377294631	0.2783215240213668	0.28138788635431666	0.2886557186712828	
-15.194417860369922	0.20045488314306326	0.20855568223253762	0.22074378631587876	0.23412010777486358	0.2412170754282652	0.2520056279901848	0.2706489468500539	0.27803960827949936	0.28101826223554305	0.28837987518636155	
