210.55489560767128
209.2376949665658
207.69806860174086
205.93651866678002
203.95858815039293
201.77518079776917
199.40264338500867
196.86273079876048
194.18250351277467
191.39409288211934
188.53418702657166
185.64348643024047
182.7662502685241
179.94964465542787
177.24290672407352
174.69641619463692
172.36069330498498
170.28535321814383
168.51803370214128
167.10333275845122
166.08178272280517
165.48889527110373
165.35431038657146
165.70107000694222
166.545040815367
167.89450449931405
169.74992557538732
172.10390525289117
174.9413240774071
178.23966689823553
181.9695171377795
186.09520444077893
190.57558608206014
195.36494107656486
200.41394555631757
205.6706948967095
211.08174638232921
216.59314679458026
222.15142724803292
227.7045365925662
233.20269608560358
238.59906597221635
243.85024617701458
248.916885694437
253.76424125101886
258.36247079337096
262.6868075724397
266.71767262180924
270.4406721266055
273.8463229706022
276.9296695179401
279.69013970642425
282.13138856656764
284.2609734804493
286.0899918713716
287.63269577168154
288.90607340616543
289.9292751541202
290.7231334356058
291.30983267296193
291.7125600434776
291.9552059054359
292.06204255849127
292.05735833381647
291.9651319682574
291.80874957231356
291.61072796030265
291.39245844372897
291.17400609534144
290.9739457999417
290.80919423352253
290.69486180583635
290.64414780556126
290.66825174925253
290.77628807155065
290.9752202078507
291.26981335224554
291.6626021137921
292.1538689196527
292.74164491717926
293.4217301976432
294.1877117020944
295.03100991404636
295.9409553085528
296.90486940220484
297.9081564473705
298.9343953766133
299.96546299976103
300.98167536760513
301.96193690454913
302.8839251193881
303.7242844318799
304.45881886458903
305.0627152707879
305.5108145517699
305.7779025965088
305.8390106204359
305.66973119812627
305.24656023031474
304.54721223694384
303.55090283472913
